<<<<<<< HEAD
52
172
655
303
44
631
7
215
304
535
854
920
874
618
116
495
545
525
712
698
8
733
615
138
712
375
753
301
220
119
849
169
264
15
845
269
17
288
550
829
716
567
438
931
37
332
43
568
411
961
485
415
495
119
397
909
875
862
691
215
442
276
610
448
558
20
3
208
395
820
249
543
975
15
313
176
73
836
81
436
1
438
717
458
412
903
999
371
133
214
839
151
110
806
671
928
148
849
3
666
=======
670
295
140
706
986
902
215
269
410
553
857
292
275
177
318
275
960
7
699
938
895
399
796
32
19
939
967
104
2
257
995
922
939
548
343
809
355
876
446
809
682
367
26
784
346
288
233
481
1
319
826
601
820
584
129
804
911
567
133
891
887
230
970
14
743
768
45
632
567
402
978
914
132
73
480
689
547
212
842
609
689
938
468
274
631
44
650
374
85
134
473
646
170
884
798
116
297
991
438
277
>>>>>>> d3420201ce6ea7d7337cea93f2e6c3af6b906aeb
